LINE 0.0 0.0 1.0 0.0 
LINE 1.0 0.0 1.0 1.0 
LINE 1.0 1.0 0.0 1.0 
LINE 0.0 1.0 0.0 0.0 
LINE 0.1 0.0 1.0 0.1 
LINE 1.0 0.1 0.9 1.0 
LINE 0.9 1.0 0.0 0.9 
LINE 0.0 0.9 0.1 0.0 
LINE 0.2 0.0 1.0 0.2 
LINE 1.0 0.2 0.8 1.0 
LINE 0.8 1.0 0.0 0.8 
LINE 0.0 0.8 0.2 0.0 
LINE 0.3 0.0 1.0 0.3 
LINE 1.0 0.3 0.7 1.0 
LINE 0.7 1.0 0.0 0.7 
LINE 0.0 0.7 0.3 0.0 
LINE 0.4 0.0 1.0 0.4 
LINE 1.0 0.4 0.6 1.0 
LINE 0.6 1.0 0.0 0.6 
LINE 0.0 0.6 0.4 0.0 
LINE 0.5 0.0 1.0 0.5 
LINE 1.0 0.5 0.5 1.0 
LINE 0.5 1.0 0.0 0.5 
LINE 0.0 0.5 0.5 0.0 
LINE 0.6 0.0 1.0 0.6 
LINE 1.0 0.6 0.4 1.0 
LINE 0.4 1.0 0.0 0.4 
LINE 0.0 0.4 0.6 0.0 
LINE 0.7 0.0 1.0 0.7 
LINE 1.0 0.7 0.3 1.0 
LINE 0.3 1.0 0.0 0.3 
LINE 0.0 0.3 0.7 0.0 
LINE 0.8 0.0 1.0 0.8 
LINE 1.0 0.8 0.2 1.0 
LINE 0.2 1.0 0.0 0.2 
LINE 0.0 0.2 0.8 0.0 
LINE 0.9 0.0 1.0 0.9 
LINE 1.0 0.9 0.1 1.0 
LINE 0.1 1.0 0.0 0.1 
LINE 0.0 0.1 0.9 0.0 
LINE 1.0 0.0 1.0 1.0 
LINE 1.0 1.0 0.0 1.0 
LINE 0.0 1.0 0.0 0.0 
LINE 0.0 0.0 1.0 0.0 
PEN #bbbbbb
FILL #bbbbbb
ELLIPSE 0.17 0.17 0.83 0.83 
PEN #888888
FILL #888888
ELLIPSE 0.18 0.18 0.82 0.82 
PEN #444444
FILL #444444
ELLIPSE 0.19 0.19 0.81 0.81 
PEN #000000
FILL #000000
ELLIPSE 0.2 0.2 0.8 0.8 
FILL #ffff00
ELLIPSE 0.25 0.25 0.75 0.75 
FILL #000000
ELLIPSE 0.3 0.25 0.8 0.75 
PEN #000000
LINE 0.8891129032258065 0.9157894736842105 0.24193548387096775 0.12368421052631579 
