PEN #0000ff
RECTANGLE 81.0 42.0 145.0 137.0 
FILL #cc00cc
PEN #0000ff
RECTANGLE 127.0 93.0 196.0 189.0 
FILL OFF
PEN #0000ff
FILL #ffffff
RECTANGLE 109.0 71.0 156.0 123.0 
FILL OFF
PEN #0000ff
RECTANGLE 172.0 151.0 201.0 211.0 
PEN #000000
POLYGON 230.0 56.0 305.0 108.0 305.0 108.0 247.0 158.0 247.0 158.0 176.0 133.0 175.0 133.0 188.0 68.0 188.0 68.0 
PEN #000000
POLYGON 325.0 58.0 326.0 57.0 378.0 65.0 378.0 66.0 369.0 121.0 369.0 128.0 323.0 144.0 314.0 126.0 316.0 87.0 316.0 77.0 188.0 82.0 
POLYGON 281.0 199.0 378.0 208.0 378.0 208.0 406.0 286.0 406.0 286.0 314.0 315.0 313.0 315.0 256.0 272.0 256.0 272.0 
FILL #000000
FILL OFF
POLYGON 95.0 233.0 184.0 228.0 185.0 228.0 243.0 283.0 243.0 284.0 207.0 335.0 207.0 335.0 113.0 354.0 113.0 354.0 63.0 273.0 63.0 273.0 
POLYGON 50.0 174.0 121.0 213.0 121.0 213.0 74.0 269.0 74.0 269.0 25.0 262.0 25.0 261.0 20.0 217.0 20.0 217.0 
FILL #ff3333
PEN #33ff33
POLYGON 425.0 54.0 479.0 107.0 479.0 107.0 451.0 167.0 384.0 167.0 377.0 102.0 401.0 68.0 401.0 68.0 425.0 54.0 
POLYGON 441.0 196.0 441.0 196.0 486.0 243.0 486.0 243.0 452.0 301.0 445.0 300.0 376.0 253.0 376.0 253.0 393.0 198.0 393.0 198.0 438.0 190.0 
